7.84342
1.19574
0.389923
0.0884105
0.108558
1.76856
5.95863
0.244184
3.21495
3.31205
0.0919825
11.5483
3.90437
1.92424
3.00369
8.68181
4.09749
4.31075
9.02139
4.20266
22.6616
0.03163
16.1005
6.75405
5.46006
0.697744
0.657781
8.47135
6.65845
1.64435
4.03273
7.96793
14.1214
3.90659
3.57133
2.57011
1.37675
6.69397
9.78891
2.68958
0.794564
1.47496
2.17773
7.55804
21.5916
1.1972
9.21277
23.4143
30.4285
24.9513
12.2985
7.05564
16.2536
7.12063
1.16515
1.78785
9.01482
5.91643
7.67036
4.04784
16.7979
4.5961
4.28244
6.27779
3.5937
6.85741
4.04296
6.4485
1.17998
16.5244
2.0772
3.6265
3.67543
2.16252
4.73689
0.0796011
0.700535
5.54093
8.33593
6.78073
8.04459
0.582947
1.33171
11.5575
14.0516
2.8107
13.6691
2.2851
7.85031
4.26401
5.26896
1.23588
0.997144
1.32481
4.34209
3.16988
3.07012
7.5268
4.23356
2.88517
6.63076
1.09077
7.69278
13.6431
2.38106
0.125954
1.68832
4.67201
10.4265
0.553533
4.98224
4.39837
15.6066
2.34805
5.05611
6.01903
15.8517
3.62063
5.03926
3.45325
1.92561
6.18387
6.78479
2.33357
13.224
0.479158
1.26633
3.33591
15.3859
0.267371
0.528114
0.572658
1.55917
3.36905
6.65007
4.7017
3.08667
6.56704
4.85087
19.8872
6.44478
1.36127
3.11945
1.09642
2.48854
0.798871
17.8536
3.45529
0.402062
2.63741
5.65064
8.04606
0.844771
1.86292
2.20758
4.83754
2.97494
2.14251
0.380542
10.8349
3.20132
1.38429
2.51878
4.77565
25.4966
10.9123
2.56396
1.81434
9.6367
8.68703
4.52852
6.32553
0.503421
6.0956
1.95834
6.04589
11.4518
2.0959
3.9629
25.201
24.2971
2.31506
15.2297
7.17432
8.02496
9.33165
10.2094
5.36641
0.826568
2.83017
5.18333
0.812737
1.63104
1.2493
4.48277
2.62144
2.47893
5.13984
1.07886
0.184804
2.19899
5.6297
24.8242
10.2368
0.935305
16.0905
13.6053
3.66959
3.68665
20.2742
3.3746
22.2966
7.5216
2.73341
0.135286
10.8054
5.03534
3.0027
7.10387
0.0921005
0.924063
1.80742
18.8361
1.99483
5.46512
4.13557
4.70022
3.26411
4.20452
3.71426
1.94519
0.186094
3.48088
2.90509
7.23456
0.000702257
1.57871
0.231202
1.20883
10.7343
5.08946
11.5204
8.31015
3.07639
6.77725
2.16521
11.663
12.9556
4.72866
2.10305
1.63227
10.6004
0.56851
0.694379
2.36541
5.72437
1.34673
0.562529
7.38227
0.702923
13.6132
22.7337
8.13313
11.8019
3.94168
15.9625
0.454896
0.30365
2.49024
5.66857
2.77639
6.64531
5.7796
0.0151327
0.691438
4.71424
5.95067
2.2708
7.49536
2.2087
8.72483
2.88992
1.75134
5.3153
1.39075
2.18849
0.0334616
12.7677
8.1566
10.6057
4.70782
0.364703
9.88188
7.54741
0.0294396
2.08116
5.80801
1.06002
6.93007
0.748756
5.30749
1.7227
1.7314
2.64474
2.26016
1.34981
3.27369
12.5382
2.55189
1.00754
0.173054
2.98985
17.9314
0.312055
3.70573
4.62244
13.0237
3.34659
0.642574
18.485
7.35426
0.0307956
2.85014
7.79695
2.94434
9.67793
12.7453
1.59027
0.265239
1.14648
10.7311
1.56072
1.59417
1.35107
3.08978
2.83774
6.30158
6.31145
4.70285
2.87745
2.03541
6.26892
19.9242
10.0345
1.59342
1.06983
0.535266
1.18685
1.79113
1.68649
0.618557
0.382772
5.31968
7.40195
10.6599
1.33142
3.18193
2.45856
1.58363
3.43208
8.17047
0.542752
1.95527
8.09341
7.39356
11.0401
0.017446
6.66112
2.13496
9.85099
3.80994
8.05863
0.467882
8.8893
4.70341
0.452037
13.207
20.5782
0.587851
3.93234
2.6521
0.487341
0.193369
2.78112
1.37819
2.52459
8.48554
13.0265
6.82594
0.716992
3.56597
5.63131
0.55078
7.91548
2.28077
4.95623
2.94088
3.98316
0.221904
2.34779
17.6548
7.21708
19.7656
2.10981
10.2232
14.4472
2.1579
2.29467
5.58022
2.86687
0.553735
0.946008
3.58846
1.08739
0.00226745
6.27849
0.161305
9.83395
1.11985
1.50951
4.52345
9.78924
2.19748
1.62463
2.63666
7.07775
0.254361
22.489
16.9499
4.7435
0.120211
2.93543
4.94966
0.092667
0.384635
1.27943
10.6805
0.144292
0.0912293
3.21057
6.20911
9.34774
2.58444
9.90803
18.06
5.70162
10.2358
2.96669
2.20989
1.09755
13.2454
0.213736
16.3373
10.2038
3.41906
26.5212
28.0831
12.1796
4.4457
1.28897
8.05402
8.97879
0.980979
0.538023
5.16831
0.0125187
2.09512
0.715499
3.70665
0.992654
0.831557
2.7481
0.710165
8.31459
3.08192
4.03016
1.93911
0.919838
1.34454
8.84328
6.42091
1.71428
5.5842
1.99052
18.697
0.875352
4.37667
2.73326
0.4238
1.66225
4.51987
35.0713
10.6016
26.9285
4.55471
0.0684822
0.322004
1.0468
5.13265
0.0228594