0.356177 
0.058162 
0.099914 
0.633419 
1.474159 
1.373392 
1.329164 
0.615421 
0.166996 
2.922315 
7.472504 
5.638918 
3.942140 
2.116301 
0.960559 
0.425418 
0.858914 
1.538574 
1.474181 
1.316291 
0.477358 
0.070660 
2.461300 
2.366055 
2.129767 
3.587258 
3.577764 
4.082000 
4.656034 
4.529330 
5.833114 
6.173969 
5.382275 
2.750862 
2.739262 
2.821539 
2.571064 
4.102979 
3.484922 
3.988212 
3.830686 
5.849296 
5.423366 
6.582983 
3.616703 
1.800962 
1.237098 
6.209956 
5.859610 
4.829167 
3.289236 
3.092872 
2.270661 
2.734293 
1.110430 
0.643267 
0.366407 
0.958043 
1.528998 
1.239308 
0.992089 
0.936995 
1.567655 
0.984066 
1.431659 
1.459955 
0.639049 
1.631658 
1.400256 
2.060752 
2.964573 
2.831535 
0.451514 
1.259381 
2.367562 
2.853666 
2.052016 
2.283187 
4.156519 
4.088735 
4.422710 
5.546083 
6.557762 
7.359375 
12.130318 
11.945272 
11.824069 
11.922610 
12.962983 
11.585072 
12.873751 
12.919830 
13.221401 
13.709096 
10.876865 
10.462452 
9.976505 
9.533523 
9.036954 
9.235628 
5.116874 
5.743875 
5.539604 
6.754777 
6.896893 
7.657624 
7.980238 
8.687822 
9.237291 
5.935470 
6.069100 
6.574348 
4.648080 
5.325514 
5.155964 
5.201782 
5.412409 
4.589263 
4.725711 
4.792954 
4.952536 
6.443663 
7.645350 
7.955644 
8.733120 
10.909350 
10.917737 
6.039975 
5.670205 
6.104088 
1.426321 
2.842810 
2.803303 
3.156177 
2.517748 
2.329160 
1.953556 
1.660433 
2.447057 
2.877691 
1.819373 
2.531165 
0.998632 
2.241446 
2.156882 
0.619921 
0.105537 
0.173611 
0.222720 
0.702900 
0.425681 
0.015525 
0.386686 
0.106839 
0.508885 
1.833910 
1.936214 
2.088602 
0.571172 
1.733104 
0.668741 
0.388702 
0.511845 
1.918970 
2.493944 
4.011105 
5.254990 
5.563330 
4.086344 
4.568026 
4.103191 
3.409918 
3.831796 
3.610199 
4.162345 
3.840542 
4.229029 
5.149075 
4.652801 
4.771751 
4.462011 
5.215366 
6.951767 
6.675067 
6.605928 
6.892223 
7.309511 
9.449757 
9.601129 
7.629360 
8.214297 
6.715975 
9.447356 
10.030436 
9.305578 
10.498999 
11.820338 
12.788380 
11.878303 
10.072679 
13.329572 
12.866408 
13.277176 
13.960438 
14.322147 
14.052678 
13.300554 
13.268446 
13.194617 
14.616382 
14.641066 
14.620130 
14.299798 
14.803958 
14.073619 
14.540926 
14.553932 
14.388814 
16.472269 
17.046391 
16.655383 
16.395503 
13.213970 
11.800198 
12.080951 
11.700170 
11.759871 
11.091679 
10.857723 
7.180720 
6.932473 
7.434950 
8.205236 
8.272170 
8.587415 
8.266703 
8.440031 
9.519154 
9.437204 
9.423396 
9.386288 
10.318912 
11.535013 
9.433846 
9.939512 
10.224700 
10.154034 
8.495167 
9.627185 
9.974547 
9.900574 
5.794447 
10.110766 
10.349942 
9.971710 
9.467476 
10.103754 
10.226057 
12.270869 
12.505499 
11.417863 
9.595519 
9.928501 
9.091246 
9.466672 
8.931041 
7.812268 
7.412784 
8.478052 
8.791021 
8.268204 
7.094408 
6.989189 
6.650408 
5.510815 
3.647979 
3.726893 
3.803531 
3.918745 
4.109081 
4.050159 
2.662212 
2.472173 
2.384090 
2.159588 
2.256103 
3.522205 
3.788398 
4.618925 
2.527955 
1.950047 
0.449594 
0.967705 
1.396153 
0.108637 
3.876606 
3.396746 
3.121598 
2.187532 
2.718805 
2.765392 
0.757785 
0.380009 
0.930328 
0.706020 
1.047928 
0.496919 
1.091526 
0.671626 
0.471537 
0.468081 
0.519006 
0.483770 
0.081207 
0.162890 
0.002509 
0.795341 
0.048552 
0.447749 
1.681033 
2.060924 
2.961710 
4.043944 
2.552079 
2.087871 
2.517455 
2.684427 
1.968401 
3.142425 
3.093918 
1.301925 
0.354038 
2.193275 
0.178351 
0.007052 
1.007950 
0.695458 
0.767802 
1.864950 
1.603375 
0.100639 
0.169416 
0.907380 
1.543427 
0.971005 
2.376772 
1.157113 
1.307893 
0.731100 
1.692240 
1.347571 
1.335354 
1.454149 
1.428783 
4.948689 
4.483055 
4.397204 
6.606189 
5.637113 
5.270870 
4.089674 
3.112689 
2.028819 
2.297404 
2.465644 
2.942819 
2.765195 
2.163512 
2.407378 
0.071051 
0.487955 
2.195628 
2.601778 
1.243591 
0.480662 
0.226989 
0.156509 
4.213587 
4.954370 
3.767253 
3.176873 
3.184511 
3.006927 
1.844453 
1.865589 
0.944034 
1.376930 
2.102158 
3.760834 
2.610889 
2.356247 
3.741218 
3.632244 
3.753626 
2.277709 
0.941852 
0.848442 
0.958376 
1.815701 
0.301194 
0.276827 
0.152521 
0.018626 
2.563086 
2.567278 
3.047554 
3.681803 
4.698688 
5.613795 
5.639034 
6.090783 
6.629337 
6.187925 
5.911804 
7.855095 
7.737110 
8.296717 
9.375706 
8.069265 
7.687618 
7.461220 
7.994210 
9.218309 
9.042094 
9.554708 
9.826658 
9.912568 
9.691515 
10.520569 
9.211830 
9.100694 
9.027390 
8.306345 
9.019313 
6.501185 
6.617667 
7.704450 
7.071612 
7.337509 
5.907602 
5.057951 
2.047929 
2.467066 
2.825449 
3.164544 
3.432068 
3.914259 
4.449811 
4.333448 
2.261397 
2.701872 
4.440730 
4.385125 
3.997260 
4.196640 
3.052227 
1.759852 
3.666461 
2.879323 
2.422185 
4.471887 
3.710785 
2.915680 
2.542696 
3.670942 
3.312923 
3.017909 
3.599643 
1.318161 
0.610965 
0.670625 
0.404792 
0.671418 
2.093001 
1.611462 
1.866134 
1.157684 
0.721834 
0.711245 
1.382235 
5.193301 
5.353028 
6.030942 
5.841823 
5.470385 
5.208776 
5.262837 
0.193435 
0.362186 
0.004794 
0.179450 
0.334740 
0.328860 
0.399674 
0.518644 
0.297227 
0.194149 
1.237767 
0.038308 
4.390295