3.863324308
4.070515153
2.644037317
2.841404145
2.11668145
2.558962465
1.84235061
3.634030464
2.493459184
3.609413522
2.65799635
1.924567459
3.077724573
3.975626388
2.13578768
0.276374931
1.832089675
2.602901426
4.259358653
1.418107135
3.615179498
3.642070424
1.596048256
2.389167738
1.931084027
3.14532134
4.242506403
3.418243272
2.965054972
4.523258004
4.057295232
2.944525245
1.08089257
3.501080366
2.412285974
2.368256229
2.272670228
2.938720222
4.653403258
4.306960968
2.767687131
2.75331389
1.97972128
2.591948417
3.054979951
1.781147629
4.16835514
3.549634326
2.07889211
3.170251186
3.181484296
2.504732674
5.505337277
2.782100933
4.528421477
3.389763812
2.372085003
5.145086138
2.224977376
3.245536518
3.617673872
2.222095889
1.825866032
4.559337632
4.296431108
1.48804264
0.576308907
3.356155372
2.81999257
2.046559019
3.699190077
2.369183139
2.774558031
3.023013219
2.635936891
2.954762569
3.471278774
2.910376958
4.079678554
1.969806303
2.882707279
1.537439383
2.029305762
2.551113163
4.027726724
3.083139301
2.213948168
1.663622652
5.223881863
1.567193069
3.534244784
2.295296253
4.448413863
3.804033659
2.949360704
2.073703306
2.874248084
4.028569687
2.057069716
4.382832286
4.05110683
3.01595797
3.683950793
1.587914479
1.361977233
3.841137533
2.427374514
1.920111768
4.22220179
4.654187733
6.98747425
3.265922176
5.778049708
5.129449547
3.883979147
4.809611436
3.198220895
3.241914602
7.005603098
6.006680865
4.356523867
2.865422306
4.877320959
6.092751269
6.002762001
6.56316448
3.011883789
6.442898538
5.707378302
5.739977496
3.617294302
6.011110533
5.783667991
3.640927706
5.720521171
4.409996646
5.401216667
4.204085441
4.1980255
6.274382027
6.927214878
4.02989607
5.445153352
1.398376774
3.555723425
4.808400427
7.422120054
6.191164161
5.691877167
1.742660136
7.399768085
5.828404956
8.213361982
5.332275874
3.548736954
3.764192355
5.141571662
5.26125713
5.532149058
4.517644597
3.022005178
3.405486703
7.098925594
6.996907515
5.776674623
5.729196296
6.743585299
9.574752103
9.782529308
6.906771696
6.577425305
4.590780959
5.045506742
8.933865205
8.142196308
7.09321183
11.39391087
1.898831463
5.97050484
5.308641591
4.244943352
4.281412593
1.056306939
8.555921403
4.559729505
5.598032375
7.694725539
6.412162957
5.710654563
10.48857058
10.74452262
5.542577915
7.067327809
4.152818937
3.797794674
7.038509707
5.120275478
4.178149029
6.724567649
6.305277053
7.842753085
3.569607161
5.367648337
3.887739959
4.011213747
8.845755667
6.894303042
7.688937264
6.441500389
5.361344274
6.437334722
7.225827952
9.882843377
9.357503351
7.708981455
4.454123512
9.544519259
7.198009139
6.929353763
4.248873074
5.480931371
2.896484446
4.843814092
10.32835439
1.692349299
3.849215615
7.922253114
8.264571948
7.625204039
5.330859748
5.151945723
6.923461025
5.796700404
4.8157654
4.781063608
3.116157233
5.231868131
3.63231438
3.622242799
0.252596826
6.406205549
9.594936656
3.154938724
3.236035174
7.406137746
8.151177689
9.03865019
3.446712021
8.035731181
1.932190074
7.884336927
4.372859679
7.069477448
2.179005109
6.812142602
1.524221262
8.740324357
4.471070451
3.676057421
5.649273614
4.90275399
3.316438368
8.542108212
7.380905269
5.390785243
3.444862281
6.191472716
5.111980236
6.219540069
5.46987731
3.41462574
7.326963287
5.989473533
11.48693816
9.448506716
6.374421714
7.52851176
3.627570949
5.136005119
5.608788817
10.87034148
5.603004462
5.832025272
4.348327669
5.600401978
6.508201185
4.371182345
5.52859402
2.793794502
1.960233588
6.916460017
7.205278794
6.218055597
9.36166561
1.837260096
7.877593585
4.294647874
9.286882865
6.775537142
8.65565189
5.954408542
6.083450493
5.972308673
5.309196342
1.592223114
8.988292013
5.025029235
5.556442909
7.924254868
3.627510055
6.909892425
4.39483218
5.500572759
6.594482466
6.635599442
4.260621535
8.151771092
2.541964832
8.064071227
7.023355912
5.276337284
5.601935119
5.020192386
4.836419189
6.334769938
3.237657855
4.530573453
7.117850508
7.70860218
4.936254532
4.985949828
3.374200595
6.180230825
4.411040445
8.303314575
4.247776439
5.24115514
6.7446098
8.400019239
7.884345367
6.791321838
6.194870177
8.67186458
4.315112469
4.757728981
5.224688994
6.219387183
5.782612276
5.86311245
3.989800017
4.569409218
5.570477524
8.042006453
4.632285248
3.31493727
2.52097147
4.014798471
6.437053745
6.706404168
5.677684307
5.414562846
2.569262049
8.60053845
6.248255833
4.918927716
4.573201103
8.022060786
7.980465926
2.930783873
7.923982596
4.965294437
7.147518489
5.225682735
8.101520795
6.245181389
4.175589372
6.08993177
6.210237914
6.245504133
8.930159724
6.258976966
6.942345141
7.493280132
3.352555273
6.069206703
4.988203818
2.843195171
7.784549598
4.514895174
8.909654323
4.609855238
5.804945636
5.252660668
2.746764053
5.43728081
5.453924237
6.580993763
2.352331609
5.798027173
6.879318493
10.62045598
7.736098107
5.848809245
9.986853979
5.339528632
5.277676327
3.21041779
7.571040183
7.663413166
2.04962101
4.501540387
5.609197579
4.741170759
8.741705519
4.866088338
3.693729735
6.096152789
7.486994712
8.024140602
4.698592079
6.885885346
8.848146786
5.670430522
5.500223889
8.574211095
6.930340738
7.695737551
6.865841702
4.847297201
4.805174972
5.756242483
6.348373671
2.008554224
6.102032267
7.373912931
8.138842452
5.175921368
5.881858056
4.036255323
8.826581213
13.02449697
14.58942805
10.16651923
15.3019062
5.119151768
7.347455568
2.325222835
11.3852609
4.38432884
9.707863073
5.067215377
5.875663
10.5476355
7.469178705
7.521228289
4.543403474
7.640950131
6.459043036
12.6586801
6.372264129
6.441262972
11.24272831
7.734045876
5.938738388
8.594613475
9.248339221
11.74537739
8.737110977
5.187233107
11.83850119
3.199420359
14.57503042
5.05707937
10.08652468
12.12300542
8.886508185
11.1961363
14.40685853
8.454886058
2.130269477
15.16073862
6.567291732
5.905353462
9.320781735
3.181454189
8.602633041
14.99098187
7.771935072
2.921761653
4.912945335
7.514992736
9.277747367
11.12735256
8.751703086
9.590296062
12.93194781
11.40766197
10.52564087
5.578545763
9.204313118